$ANSIBLE_VAULT;1.1;AES256
62363136396430333766316537656663626565313563663966313630353438653630336638633334
6233623937393730306138366438636132323166383634340a663437666438396166616639303665
63376561363637646661313264363131316139613933613066363638663633623036316631636164
3166656263393666350a376562326230333938626665373735663163383830333864386562663761
64393461353831346538373839333431363939643066633363343638303462326665333636613937
65616362333331313932373266313664383264656131303961306162633835633936303536323432
39653134333965656463346661636132623537386637303565323337636438663462366136323238
61613762323730653531636138633438323762393235343137346332633038326634383337643330
61633732653262636534636434313639626331376365643339363839306337646235363433616535
36303266323763326134343538663866616434306337386336393332613964333865313334313764
35303631656564343464346663656262663761643039326561336565663837313166356130383562
34373931303962636638646464366530393639386266653064303263636534353535353662303666
37353134383838633366306163663061633739376236643633663334373639623534626661633662
6665356361306264336532646431376633356330643337323562