$ANSIBLE_VAULT;1.1;AES256
30313163353631323236306231313566353765346537353033646137633638646565633833616136
3432383630323864376466386137633736643533653065320a396438613135323937376261393563
35643535663132396137656637653662623137653764343036613565643836316266616334663833
3939306462666665360a373062323862663936346235356537613231363362623362353636633362
33633363666632303636363639373366626231656431376134383730346565333532323564353063
64326662313261313434656236323962373931303335393539326633393465623265656332613362
64393637353463643066393434616538623830343063313463383931306539353162646639663365
38636139303332653061393162356362353561373432356362306430653435346437633237393933
32643032346339613235323332336137643530353361343332336265623730373432323864303663
37623134616333363264303931383236313165653932343233316565653265353766643066373230
66343033346239333937366631323738323162656337393734393330643030616333613038363436
30393266626266316463373161663436346632343464656361633461336334393836353265653639
36656631613532353435306233303936623337666337623866626365353762366438633638333562
31666233313564363363393565393234373966336532376633366235336435346234363839666661
35353934646432613736393964363430383831323731343065623934643664323134623536313466
30633039613963373633373432653236613730313937613038333162313561303032636336303366
63383238333830326334353534316134323338316366663664323765333732356563626335396163
3437656661383438323939313064623534623932626362313934
